TYPE	LENGTH	START	END
COIL	17	1	17
HELIX	248	18	265
COIL	64	266	329
HELIX	73	330	402
COIL	21	403	423
HELIX	113	424	536
COIL	7	537	543
HELIX	4	544	547
COIL	3	548	550
HELIX	3	551	553
COIL	53	554	606
HELIX	29	607	635
COIL	15	636	650
HELIX	135	651	785
COIL	20	786	805
SHEET	4	806	809
COIL	2	810	811
SHEET	2	812	813
COIL	7	814	820
HELIX	23	821	843
COIL	1	844	844
HELIX	3	845	847
SHEET	1	848	848
COIL	3	849	851
SHEET	4	852	855
COIL	2	856	857
HELIX	14	858	871
COIL	2	872	873
HELIX	3	874	876
COIL	3	877	879
SHEET	2	880	881
COIL	5	882	886
SHEET	6	887	892
COIL	4	893	896
SHEET	2	897	898
COIL	4	899	902
SHEET	2	903	904
COIL	4	905	908
SHEET	5	909	913
COIL	15	914	928
HELIX	4	929	932
COIL	3	933	935
HELIX	11	936	946
COIL	11	947	957
HELIX	4	958	961
COIL	4	962	965
HELIX	13	966	978
COIL	5	979	983
SHEET	5	984	988
COIL	2	989	990
SHEET	4	991	994
COIL	11	995	1005
HELIX	12	1006	1017
COIL	12	1018	1029
HELIX	16	1030	1045
COIL	11	1046	1056
HELIX	3	1057	1059
COIL	14	1060	1073
HELIX	4	1074	1077
COIL	18	1078	1095
HELIX	9	1096	1104
COIL	5	1105	1109
HELIX	18	1110	1127
COIL	3	1128	1130
HELIX	4	1131	1134
COIL	8	1135	1142
HELIX	6	1143	1148
COIL	11	1149	1159
HELIX	18	1160	1177
COIL	2	1178	1179
SHEET	8	1180	1187
COIL	11	1188	1198
SHEET	3	1199	1201
COIL	4	1202	1205
SHEET	9	1206	1214
COIL	6	1215	1220
HELIX	37	1221	1257
COIL	10	1258	1267
