138
CHIPU00246 0.0000000 0.1629771 0.3687158 0.2498795 0.3429483 0.3526545 0.3608009 0.3889732 0.3656432 0.3795937 0.3862096 0.3659115 0.3840291 0.3797463 0.3800784 0.3724383 0.3844877 0.3777714 0.3771021 0.3714270 0.3759818 0.3604122 0.3547905 0.3591228 0.3710838 0.3582969 0.3713452 0.3618895 0.3655640 0.3722959 0.3885855 0.3838814 0.3717263 0.3803270 0.3656554 0.4103689 0.3997786 0.4003753 0.4120451 0.2330396 0.2634650 0.2641477 0.3670397 0.3153437 0.3502555 0.3635436 0.3465240 0.3508116 0.3555081 0.3307375 0.3412929 0.3425688 0.3508764 0.3484939 0.3382622 0.3355426 0.3420169 0.3481214 0.3407849 0.3304798 0.3292760 0.3362047 0.3362047 0.3249489 0.3304798 0.3376468 0.3334898 0.3314091 0.3354559 0.3283167 0.3267086 0.3357777 0.3322411 0.3308968 0.3233320 0.3339253 0.3432394 0.3234890 0.3306455 0.3266915 0.3539327 0.3531463 0.3510100 0.3587664 0.3490785 0.3600240 0.3622369 0.3597512 0.3592386 0.3865039 0.3710140 0.4070521 0.3711386 0.3708711 0.3666653 0.3667809 0.3691280 0.3826524 0.3429700 0.2792134 0.2815835 0.3002024 0.3090413 0.2890664 0.2626657 0.2681733 0.2714536 0.2632200 0.2761308 0.2568011 0.2734605 0.2715387 0.2735985 0.2796372 0.2746333 0.2754228 0.2788201 0.2793707 0.2750144 0.2657035 0.2775609 0.2621605 0.2725054 0.2555516 0.2622372 0.2708648 0.2681329 0.2700549 0.2760970 0.2535193 0.2905858 0.2863065 0.3180854 2.6134296 2.1038345 2.2416793 2.0759259 4.0752457 
CALMI31260 0.1629771 0.0000000 0.3838926 0.2708616 0.3495756 0.3629694 0.4221449 0.4111556 0.4040118 0.3662298 0.3611106 0.3578402 0.3929508 0.3698425 0.3859460 0.3866518 0.4175682 0.3996361 0.3860670 0.3846694 0.3994547 0.4086949 0.4397632 0.3321698 0.3903054 0.3733001 0.3777554 0.3761113 0.3676953 0.3782039 0.4094887 0.4031583 0.4202453 0.3602340 0.3832571 0.4235130 0.3931233 0.4224753 0.4000128 0.2268967 0.2559974 0.2519627 0.3774439 0.3287306 0.3714824 0.3878414 0.3663221 0.3581178 0.3714056 0.3242998 0.3606351 0.3654267 0.3729321 0.3753172 0.3423853 0.3590614 0.3719125 0.3643821 0.3430217 0.3502779 0.3372640 0.3545580 0.3545580 0.3142605 0.3502779 0.3437007 0.3531893 0.3511617 0.3384841 0.3445432 0.3455255 0.3364033 0.3350695 0.3711114 0.3421845 0.3486446 0.3398298 0.3325312 0.3677330 0.3436505 0.3829071 0.3674354 0.3653107 0.3676075 0.3797083 0.3801470 0.3744189 0.3720047 0.3657480 0.4004323 0.3836769 0.4513447 0.3887929 0.3755178 0.3778721 0.3668221 0.3882927 0.4201919 0.3598824 0.2650427 0.2771045 0.2665436 0.2872401 0.2738751 0.2412873 0.2331514 0.2396684 0.2135426 0.2385121 0.2110464 0.2329702 0.2349063 0.2481686 0.2903867 0.2337170 0.2350695 0.2639818 0.2409587 0.2323180 0.2357616 0.2433012 0.2167901 0.2412682 0.2324910 0.2345521 0.2931298 0.2426997 0.2489797 0.2522085 0.2217558 0.2606855 0.2681034 0.2910784 2.7102241 2.1351504 2.3152216 2.0318393 4.3178672 
LEPOC14246 0.3687158 0.3838926 0.0000000 0.2039559 0.3422159 0.3144847 0.3601396 0.3830836 0.3808355 0.3299276 0.3720378 0.3575370 0.3540401 0.3415498 0.3571144 0.3401972 0.3624758 0.3520536 0.3416506 0.3412438 0.3485006 0.3568462 0.3735092 0.4048584 0.3428455 0.3406918 0.3442273 0.3208273 0.3149803 0.3279652 0.3867672 0.3623018 0.3747760 0.3614100 0.3842491 0.4402157 0.4251007 0.4338649 0.4411955 0.2979188 0.3217488 0.3262391 0.4560764 0.4130186 0.4679389 0.4514445 0.4321109 0.4148089 0.4364099 0.3912871 0.4288685 0.4249061 0.4347003 0.4300479 0.3969767 0.4259995 0.4359139 0.4331186 0.4057311 0.4176612 0.4036938 0.4228570 0.4228570 0.3857790 0.4176612 0.4744687 0.4163336 0.4142478 0.4919571 0.4145314 0.4226563 0.4804513 0.4081705 0.4230432 0.4195955 0.4128027 0.4127267 0.3962289 0.4310733 0.4088837 0.4516006 0.4383265 0.4361966 0.4264334 0.4566064 0.4700885 0.4604780 0.4578863 0.4585613 0.4848466 0.4725041 0.6871054 0.4697254 0.4817792 0.4807509 0.4726940 0.4834653 0.4984861 0.4427905 0.3178897 0.3312046 0.3277487 0.3724549 0.3469715 0.3105807 0.3179631 0.3228832 0.2991156 0.3263451 0.2959197 0.3159652 0.3198880 0.3276938 0.3678688 0.3154968 0.3138001 0.3319040 0.3302933 0.3253585 0.3177720 0.3283752 0.2950388 0.3156575 0.3006432 0.3071260 0.3620447 0.3225738 0.3112815 0.3101221 0.2896103 0.3281957 0.3567560 0.3594195 2.9724993 2.5486083 2.7648129 2.6648889 4.6279797 
ANGAN39228 0.2498795 0.2708616 0.2039559 0.0000000 0.1914178 0.1607217 0.2081144 0.2190141 0.2216680 0.1815531 0.2184969 0.1947539 0.1960635 0.1811025 0.2193213 0.1954706 0.2125484 0.2074955 0.1989008 0.1972038 0.2089229 0.1861595 0.2211163 0.2320225 0.1914555 0.1908879 0.1854876 0.1708088 0.1662950 0.1774293 0.2306891 0.1951180 0.1946993 0.2011919 0.2271193 0.2689991 0.2759128 0.2834409 0.2738104 0.2047534 0.2309249 0.2462034 0.3424103 0.3031613 0.3481273 0.3319395 0.3168417 0.2875816 0.3203762 0.2613425 0.3176973 0.3096159 0.3198102 0.3118497 0.2770777 0.3148604 0.3214104 0.3099594 0.2843249 0.3020852 0.2819425 0.3061954 0.3061954 0.2497847 0.3020852 0.3448473 0.3030253 0.3011852 0.3605571 0.3010707 0.3046919 0.3490754 0.2839785 0.3106154 0.3082815 0.3063416 0.2816362 0.2781509 0.3096427 0.3039707 0.3392625 0.3173550 0.3153638 0.3247953 0.3325302 0.3489503 0.3461116 0.3439016 0.3384846 0.3676679 0.3532355 0.5120988 0.3557260 0.3467899 0.3568444 0.3356174 0.3516318 0.3773846 0.3130382 0.2275908 0.2415526 0.2324450 0.2648517 0.2575796 0.2254425 0.2297409 0.2376414 0.2041227 0.2380176 0.2007471 0.2346109 0.2312133 0.2424862 0.2720029 0.2311044 0.2286500 0.2494354 0.2391396 0.2301236 0.2324137 0.2423032 0.1916147 0.2346941 0.2209540 0.2239490 0.2785914 0.2467423 0.2328872 0.2306566 0.2090117 0.2436807 0.2733121 0.2734118 2.5237409 1.9966489 2.1424259 2.0360017 3.7687563 
ANATE20873 0.3429483 0.3495756 0.3422159 0.1914178 0.0000000 0.0682630 0.1225583 0.1495739 0.1252419 0.0806306 0.1220522 0.1065082 0.0933253 0.0909446 0.1181397 0.1043784 0.1252369 0.1185393 0.1007357 0.1026047 0.1218041 0.0832209 0.1123402 0.1186866 0.0784532 0.0691492 0.0699627 0.0661063 0.0726484 0.1001482 0.1603721 0.1652741 0.1779975 0.1963847 0.2178563 0.2673684 0.2639078 0.2710146 0.2640847 0.3002445 0.3200851 0.3413756 0.3962723 0.3656421 0.4119561 0.3993158 0.3876670 0.3712013 0.3924778 0.3351551 0.3870249 0.3800011 0.3833477 0.3810129 0.3501120 0.3904355 0.3881530 0.3805401 0.3643474 0.3700055 0.3447988 0.3748464 0.3748464 0.3216116 0.3700055 0.4276470 0.3672389 0.3692803 0.4447059 0.3674518 0.3708887 0.4214289 0.3435856 0.3740573 0.3706803 0.3632716 0.3672647 0.3621676 0.3890086 0.3759058 0.4247011 0.3959607 0.3939145 0.4311155 0.4035444 0.4120252 0.4074443 0.4070480 0.3994782 0.4272337 0.4114583 0.5737967 0.4319638 0.4200463 0.4115873 0.3939463 0.4220423 0.4390634 0.3898774 0.3091138 0.3226059 0.3242454 0.3382709 0.3284979 0.3222353 0.3312178 0.3379348 0.3078541 0.3390194 0.3056218 0.3335215 0.3318662 0.3323655 0.3619270 0.3301135 0.3160486 0.3285487 0.3327630 0.3146196 0.3356244 0.3256088 0.2852197 0.3406627 0.3183577 0.3347262 0.3808779 0.3441410 0.3388199 0.3223935 0.3284050 0.3451394 0.3724022 0.3693718 2.5591263 2.1174346 2.2825731 2.0652486 3.9227661 
SERDU19846 0.3526545 0.3629694 0.3144847 0.1607217 0.0682630 0.0000000 0.0480273 0.1178068 0.0774960 0.0618849 0.0949517 0.1075847 0.0889224 0.0857830 0.0958475 0.0769524 0.0949769 0.0871577 0.0870979 0.0880579 0.0890810 0.0577358 0.0582113 0.1112062 0.0664074 0.0759074 0.0687490 0.0474313 0.0404844 0.0877408 0.1666976 0.1359565 0.1422678 0.1803761 0.2040500 0.2412118 0.2524245 0.2638056 0.2378034 0.2868299 0.3278209 0.3281198 0.3821175 0.3483885 0.3961659 0.3741636 0.3568991 0.3296899 0.3651326 0.3261305 0.3618849 0.3540965 0.3567619 0.3484296 0.3361932 0.3607372 0.3602516 0.3497130 0.3208200 0.3426432 0.3427878 0.3473715 0.3473715 0.3097202 0.3426432 0.3921547 0.3399398 0.3419634 0.4136298 0.3442958 0.3472723 0.3968665 0.3479838 0.3405281 0.3455629 0.3442754 0.3275433 0.3357592 0.3720240 0.3486208 0.3930209 0.3923667 0.3903363 0.3860224 0.3827989 0.3779155 0.3801314 0.3797501 0.3710603 0.3969335 0.3802083 0.5677921 0.3990121 0.3675851 0.3960484 0.3952885 0.3960232 0.4168155 0.3581230 0.2990470 0.3237190 0.3107956 0.3352062 0.3236353 0.3065991 0.3138967 0.3227973 0.2837191 0.3186393 0.2860976 0.3231446 0.3192960 0.3241457 0.3164573 0.3094453 0.3176168 0.3356035 0.3154942 0.3194064 0.3190709 0.3312591 0.2796513 0.3200634 0.3195373 0.3189359 0.3315446 0.3327418 0.3265213 0.3326307 0.3030094 0.3483143 0.3710934 0.3585106 2.5352181 2.1048758 2.1714564 2.0719977 3.9179293 
ECHNA02278 0.3608009 0.4221449 0.3601396 0.2081144 0.1225583 0.0480273 0.0000000 0.1252359 0.1065312 0.1139372 0.1470522 0.1495953 0.1282881 0.0866502 0.1443581 0.1193360 0.1257743 0.1129387 0.1310635 0.1305852 0.1150451 0.1121440 0.1078357 0.1311269 0.1088876 0.1161453 0.1100478 0.0940815 0.0634692 0.1083577 0.2039060 0.1724556 0.1847844 0.2094997 0.2704964 0.3217606 0.3266378 0.3275043 0.2958455 0.3263356 0.3295966 0.3749946 0.4332052 0.4036757 0.4591854 0.4317356 0.4217931 0.3971881 0.4296074 0.3403923 0.4179447 0.4166913 0.4182207 0.4131095 0.3533091 0.4219949 0.4247098 0.4115410 0.3876596 0.4063487 0.3597916 0.4114567 0.4114567 0.3280458 0.4063487 0.4639066 0.4034259 0.4055457 0.4781093 0.4057843 0.4104806 0.4677244 0.3650348 0.4002370 0.4071372 0.4070586 0.3932338 0.4017455 0.4158787 0.4110912 0.4592138 0.4085711 0.4065250 0.4532296 0.4217651 0.4459546 0.4454995 0.4450748 0.4400388 0.4589362 0.4432266 0.6127752 0.4493969 0.4319388 0.4495767 0.4075526 0.4579898 0.4719501 0.4179441 0.3625234 0.3236449 0.3569525 0.3404864 0.3315638 0.3525466 0.3590017 0.3663745 0.3321418 0.3644683 0.3328995 0.3666909 0.3626976 0.3362819 0.3721450 0.3519760 0.3210279 0.3478079 0.3544939 0.3265165 0.3650771 0.3340342 0.2873864 0.3629066 0.3200674 0.3620974 0.3846991 0.3745858 0.3668327 0.3294110 0.3449419 0.3446839 0.4141020 0.4102351 2.5138370 2.1666782 2.3049603 2.0231108 3.9512623 
CYNSE02527 0.3889732 0.4111556 0.3830836 0.2190141 0.1495739 0.1178068 0.1252359 0.0000000 0.1401745 0.1487296 0.1744177 0.1853995 0.1632607 0.1398873 0.1557961 0.1442633 0.1479214 0.1433773 0.1481582 0.1490938 0.1481303 0.1354745 0.1244882 0.1727120 0.1360867 0.1364272 0.1320445 0.1281438 0.1210239 0.1294713 0.2090537 0.1867371 0.1903963 0.2416306 0.2565306 0.3009871 0.2976792 0.3137494 0.2802330 0.3594893 0.3752750 0.3961231 0.4441447 0.4198352 0.4627008 0.4410980 0.4305492 0.4011337 0.4379088 0.3793004 0.4295782 0.4190311 0.4247272 0.4226818 0.3944928 0.4297904 0.4307624 0.4186452 0.4015112 0.4193964 0.4074896 0.4247460 0.4247460 0.3706246 0.4193964 0.4683976 0.4171995 0.4194104 0.4870067 0.4222731 0.4274116 0.4763413 0.4130305 0.4200508 0.4234831 0.4266579 0.3825721 0.4024913 0.4317166 0.4157970 0.4561013 0.4422242 0.4400924 0.4507849 0.4386433 0.4395527 0.4330275 0.4325992 0.4329460 0.4580295 0.4448089 0.6509904 0.4528552 0.4316835 0.4526789 0.4507456 0.4631395 0.4650399 0.4180465 0.3639441 0.3691644 0.3804947 0.3953592 0.3887955 0.3720486 0.3820163 0.3919950 0.3525609 0.3893204 0.3535746 0.3923463 0.3881312 0.3696428 0.3730307 0.3709202 0.3679993 0.3825836 0.3789228 0.3666631 0.3875799 0.3829193 0.3394688 0.3874701 0.3675801 0.3805989 0.3919060 0.3899829 0.3955973 0.3759218 0.3621875 0.3901862 0.4186579 0.4141171 2.5452944 2.1307874 2.1877647 2.0861199 3.9753300 
SCOMX02793 0.3656432 0.4040118 0.3808355 0.2216680 0.1252419 0.0774960 0.1065312 0.1401745 0.0000000 0.1370158 0.1875540 0.1790220 0.1553261 0.1241349 0.1757330 0.1494390 0.1597679 0.1537268 0.1664559 0.1626415 0.1568440 0.1277243 0.1334865 0.1558629 0.1324609 0.1530281 0.1413227 0.1250230 0.0932158 0.0997843 0.2246854 0.2003525 0.2035407 0.2190161 0.2635225 0.3289685 0.3205085 0.3428850 0.3029187 0.3295510 0.3106432 0.3585285 0.4042513 0.3797941 0.4150630 0.4117367 0.4086225 0.4054574 0.4272268 0.3421591 0.4055534 0.3971940 0.3987825 0.3990516 0.3642144 0.4064259 0.4089148 0.3941820 0.3969254 0.3945039 0.3501315 0.3998485 0.3998485 0.3369823 0.3945039 0.4693648 0.3935552 0.3941466 0.4867888 0.3944054 0.3992239 0.4669188 0.3531945 0.3967416 0.3980393 0.4094153 0.4014739 0.3994081 0.4073311 0.3979185 0.4382606 0.3893052 0.3853745 0.4581526 0.4003811 0.4142247 0.4239044 0.4234739 0.4199017 0.4418106 0.4233826 0.5939941 0.4387903 0.4344926 0.4280169 0.3888896 0.4414119 0.4476894 0.4073405 0.3706193 0.3213668 0.3748808 0.3378133 0.3289600 0.3550306 0.3554180 0.3572435 0.3473984 0.3577332 0.3510152 0.3595847 0.3575491 0.3260017 0.3633612 0.3489572 0.3097252 0.3366487 0.3523932 0.3126771 0.3559310 0.3227545 0.3058334 0.3557886 0.3187430 0.3567790 0.3777719 0.3670570 0.3596711 0.3301416 0.3651965 0.3317323 0.3973974 0.4060125 2.4117104 1.9483488 2.0765002 2.0616370 3.9005388 
MOLML17531 0.3795937 0.3662298 0.3299276 0.1815531 0.0806306 0.0618849 0.1139372 0.1487296 0.1370158 0.0000000 0.1004931 0.1075451 0.1085929 0.1005303 0.1170780 0.1068263 0.1267622 0.1161761 0.1022381 0.0992265 0.1225150 0.0950886 0.1254025 0.1327008 0.0872816 0.0878363 0.0811853 0.0677874 0.0704983 0.1010176 0.1797699 0.1740201 0.1762941 0.2029842 0.2138726 0.2531543 0.2572284 0.2543719 0.2656320 0.2854156 0.3217770 0.3425272 0.4096131 0.3786388 0.4224040 0.4154057 0.3948110 0.3993555 0.4157575 0.3682849 0.4016482 0.3928722 0.3936802 0.3887498 0.3786180 0.3980229 0.3941076 0.3899677 0.3891824 0.3794735 0.3551436 0.3844045 0.3844045 0.3491700 0.3794735 0.4557858 0.3766555 0.3787250 0.4530294 0.3768526 0.3803396 0.4469037 0.3563306 0.3869401 0.3822561 0.3863541 0.3927100 0.3970298 0.4044777 0.3849054 0.4225952 0.3948439 0.3971781 0.4491409 0.4137199 0.4159806 0.4169227 0.4165173 0.4071803 0.4333263 0.4173570 0.5256496 0.4416225 0.4502762 0.4246994 0.4086221 0.4350280 0.4546615 0.3939416 0.3376938 0.3181159 0.3535992 0.3374898 0.3256279 0.3230418 0.3281572 0.3355575 0.3325456 0.3356222 0.3325315 0.3336974 0.3318212 0.3281833 0.3597872 0.3242727 0.3118356 0.3213774 0.3287296 0.3122649 0.3331277 0.3243609 0.3000746 0.3349424 0.3192163 0.3381912 0.3803229 0.3451528 0.3428987 0.3201795 0.3465944 0.3326603 0.3662732 0.3682567 2.6311800 2.1243207 2.2845372 2.0939559 3.9331740 
TETNG13660 0.3862096 0.3611106 0.3720378 0.2184969 0.1220522 0.0949517 0.1470522 0.1744177 0.1875540 0.1004931 0.0000000 0.1221637 0.1290025 0.1178877 0.1251715 0.1136980 0.1365455 0.1259469 0.1131169 0.1128959 0.1326984 0.1321550 0.1508703 0.1081226 0.1076227 0.1138715 0.1041578 0.1026011 0.1010656 0.1293655 0.1984692 0.1925253 0.2159508 0.2242536 0.2450432 0.2873855 0.2831975 0.2726043 0.3042447 0.3060808 0.3165565 0.3326369 0.4076045 0.3825566 0.4280877 0.4195161 0.4017589 0.4075195 0.4111281 0.3790195 0.4074682 0.3999967 0.4031530 0.3919385 0.3861514 0.4004332 0.4043386 0.3964051 0.4023900 0.3885913 0.3629768 0.3933750 0.3933750 0.3599980 0.3885913 0.3889110 0.3849121 0.3871815 0.3877528 0.3902564 0.3950818 0.3893263 0.3694511 0.3964184 0.3889294 0.3842014 0.4031288 0.4069999 0.4156575 0.3931602 0.4266463 0.4001879 0.4004271 0.4426153 0.4185776 0.4055112 0.4250315 0.4245840 0.4141877 0.4393308 0.4218351 0.4577592 0.4311050 0.4448495 0.4376436 0.4084101 0.4404679 0.4432985 0.4014662 0.3404825 0.3268678 0.3546055 0.3465009 0.3360102 0.3216272 0.3171240 0.3220849 0.3157300 0.3173994 0.3207853 0.3211742 0.3191448 0.3194424 0.3640235 0.3115537 0.3027287 0.3072952 0.3177563 0.2934702 0.3191745 0.3168821 0.3066220 0.3301168 0.3167052 0.3348981 0.3832691 0.3409721 0.3411610 0.3212867 0.3483208 0.3354195 0.3751388 0.3726975 2.6804544 2.3021518 2.4882168 2.0593037 4.5132875 
ORYJA18407 0.3659115 0.3578402 0.3575370 0.1947539 0.1065082 0.1075847 0.1495953 0.1853995 0.1790220 0.1075451 0.1221637 0.0000000 0.0549916 0.0320916 0.1258415 0.1122600 0.1340474 0.1181664 0.0980445 0.0948353 0.1203497 0.1040822 0.1528834 0.1427289 0.1081029 0.1106376 0.1076877 0.0987968 0.1085821 0.1388719 0.1962579 0.1765393 0.1860100 0.2185088 0.2271488 0.2869227 0.2671555 0.2860786 0.2748994 0.3100462 0.3324679 0.3546648 0.4189427 0.3882377 0.4378995 0.4224603 0.4111108 0.3809336 0.4043326 0.3500819 0.4112970 0.3994428 0.4087416 0.4022109 0.3633817 0.4044188 0.4095468 0.4009045 0.3757810 0.3894593 0.3631245 0.3944597 0.3944597 0.3317389 0.3894593 0.4442049 0.3866004 0.3886900 0.4614633 0.3909150 0.3953560 0.4426472 0.3659557 0.3964971 0.3925162 0.3871584 0.3761505 0.3784033 0.4110244 0.3975901 0.4540206 0.4238878 0.4218028 0.4519118 0.4351371 0.4310136 0.4263676 0.4259562 0.4211889 0.4497935 0.4379915 0.5834045 0.4537798 0.4456139 0.4438279 0.4188610 0.4475407 0.4689917 0.4151529 0.3292571 0.3435056 0.3386416 0.3461763 0.3409357 0.3375905 0.3421889 0.3491962 0.3163159 0.3504050 0.3146603 0.3452897 0.3434271 0.3388511 0.3709200 0.3405607 0.3236607 0.3402733 0.3412316 0.3195121 0.3468689 0.3376982 0.2968268 0.3516797 0.3285823 0.3482406 0.3906856 0.3565889 0.3597723 0.3398997 0.3390719 0.3556692 0.3940499 0.3947245 2.6496385 2.1243351 2.2901176 2.0571346 3.8882569 
ORYLA15922 0.3840291 0.3929508 0.3540401 0.1960635 0.0933253 0.0889224 0.1282881 0.1632607 0.1553261 0.1085929 0.1290025 0.0549916 0.0000000 0.0418338 0.1162534 0.1069579 0.1279756 0.1133165 0.0945647 0.0952087 0.1183630 0.0974878 0.1363447 0.1505641 0.1028131 0.0993521 0.0969549 0.0873078 0.0962703 0.1301916 0.1835458 0.1608790 0.1749095 0.2274044 0.2493090 0.3002524 0.2910096 0.2955536 0.2953684 0.3244996 0.3403863 0.3610190 0.4227581 0.3901026 0.4493742 0.4213840 0.4100980 0.3807329 0.4100860 0.3499741 0.4081866 0.3965224 0.4056675 0.3999326 0.3619287 0.4021073 0.4071614 0.3958144 0.3749227 0.3887027 0.3646360 0.3936417 0.3936417 0.3337874 0.3887027 0.4481552 0.3858789 0.3879436 0.4656470 0.3901430 0.3939243 0.4523575 0.3674413 0.3982243 0.3917251 0.3937222 0.3751041 0.3747021 0.4091358 0.3966596 0.4488730 0.4214090 0.4193479 0.4494178 0.4331211 0.4290482 0.4265249 0.4261179 0.4214846 0.4496930 0.4380214 0.6171894 0.4530622 0.4469679 0.4436885 0.4226616 0.4484092 0.4672812 0.4135750 0.3294860 0.3508346 0.3400369 0.3567815 0.3506466 0.3361759 0.3435458 0.3525264 0.3171081 0.3501477 0.3177587 0.3513019 0.3474113 0.3427596 0.3745717 0.3426130 0.3276472 0.3520941 0.3432805 0.3218428 0.3502122 0.3421534 0.3011191 0.3545999 0.3304864 0.3474448 0.3897819 0.3598519 0.3572252 0.3453228 0.3400941 0.3605360 0.3986032 0.3876425 2.6671850 2.1948417 2.3550592 2.0367085 3.9055102 
ORYME05692 0.3797463 0.3698425 0.3415498 0.1811025 0.0909446 0.0857830 0.0866502 0.1398873 0.1241349 0.1005303 0.1178877 0.0320916 0.0418338 0.0000000 0.1060019 0.0953801 0.1044930 0.0886880 0.0884384 0.0850509 0.0906098 0.0743019 0.0848881 0.1395605 0.0903930 0.0907327 0.0878043 0.0799592 0.0842879 0.1252543 0.1882983 0.1484487 0.1590902 0.2117549 0.2287554 0.2834577 0.2774870 0.2885113 0.2552255 0.3035541 0.3471460 0.3466598 0.4014772 0.3733861 0.4184054 0.4061878 0.3936352 0.3618006 0.4003836 0.3583901 0.3937872 0.3846173 0.3913481 0.3851654 0.3734624 0.3863754 0.3926609 0.3811592 0.3548540 0.3724382 0.3734124 0.3774190 0.3774190 0.3398607 0.3724382 0.4267496 0.3695921 0.3716896 0.4436488 0.3740706 0.3783040 0.4329280 0.3762356 0.3719521 0.3756760 0.3761853 0.3534615 0.3645380 0.3915696 0.3807429 0.4263686 0.4263686 0.4242896 0.4203573 0.4135282 0.4020066 0.4017168 0.4013151 0.3991815 0.4249171 0.4132246 0.5974798 0.4230181 0.4072839 0.4238623 0.4222871 0.4267177 0.4377268 0.3942595 0.3182485 0.3495171 0.3290750 0.3580489 0.3527363 0.3263022 0.3318065 0.3409319 0.3011144 0.3385466 0.3016179 0.3391564 0.3352128 0.3349167 0.3280542 0.3278159 0.3331971 0.3544582 0.3275325 0.3275840 0.3371048 0.3497873 0.3052269 0.3415907 0.3384849 0.3370231 0.3421697 0.3515129 0.3454881 0.3496555 0.3205200 0.3631533 0.3857462 0.3777452 2.6797294 2.0409082 2.1040746 2.0591507 3.8347472 
NOTFU24052 0.3800784 0.3859460 0.3571144 0.2193213 0.1181397 0.0958475 0.1443581 0.1557961 0.1757330 0.1170780 0.1251715 0.1258415 0.1162534 0.1060019 0.0000000 0.0908780 0.1217324 0.1050847 0.0890646 0.0891414 0.1111661 0.1173475 0.1374131 0.1475423 0.1028554 0.1073001 0.1072571 0.0999024 0.1015509 0.1330828 0.2031436 0.1921920 0.2076728 0.2343013 0.2595786 0.3057944 0.2911905 0.2999688 0.2900488 0.3222435 0.3440309 0.3692677 0.4151850 0.3857308 0.4380354 0.4186677 0.4008241 0.3867980 0.4158646 0.3512855 0.4043419 0.3929924 0.3968528 0.3917299 0.3590076 0.4019428 0.3993767 0.3871385 0.3745648 0.3849431 0.3575504 0.3899271 0.3899271 0.3343006 0.3849431 0.4521406 0.3820940 0.3841809 0.4672328 0.3867984 0.3905974 0.4545817 0.3607503 0.3845592 0.3859625 0.3913924 0.3854109 0.3776918 0.4128845 0.3896814 0.4335901 0.4026720 0.4006130 0.4430967 0.4119341 0.4266338 0.4230595 0.4226492 0.4173588 0.4473248 0.4296903 0.5937414 0.4361916 0.4360127 0.4380191 0.4099786 0.4407576 0.4688008 0.4077081 0.3401058 0.3342811 0.3458974 0.3500322 0.3412646 0.3483438 0.3553872 0.3624990 0.3325946 0.3565786 0.3351192 0.3603633 0.3584702 0.3548722 0.3854237 0.3499918 0.3369654 0.3568393 0.3546171 0.3322724 0.3606789 0.3476192 0.3172683 0.3587139 0.3431924 0.3614834 0.4044269 0.3622002 0.3650963 0.3487051 0.3531858 0.3628461 0.4028756 0.4082959 2.6058684 2.2233999 2.3660051 2.1240115 3.9313839 
KRYMA05915 0.3724383 0.3866518 0.3401972 0.1954706 0.1043784 0.0769524 0.1193360 0.1442633 0.1494390 0.1068263 0.1136980 0.1122600 0.1069579 0.0953801 0.0908780 0.0000000 0.1202547 0.1114361 0.0933956 0.0915867 0.1140080 0.1040211 0.1208370 0.1331999 0.0842014 0.0849127 0.0918055 0.0776127 0.0844262 0.1100919 0.1801278 0.1681542 0.1870768 0.2098702 0.2380228 0.2836768 0.2761440 0.2921884 0.2855670 0.3175845 0.3363528 0.3637586 0.4143095 0.3818804 0.4400612 0.4113325 0.4049092 0.3887133 0.4142079 0.3475407 0.4028494 0.3946096 0.3974701 0.3938908 0.3555131 0.4053373 0.4079333 0.3955603 0.3809961 0.3869085 0.3552486 0.3918946 0.3918946 0.3351780 0.3869085 0.4484630 0.3815164 0.3835963 0.4668036 0.3862712 0.3906347 0.4544681 0.3580805 0.3876828 0.3856552 0.3895729 0.3808322 0.3762237 0.4075758 0.3939206 0.4244832 0.3914018 0.3893632 0.4308777 0.4078043 0.4154026 0.4180049 0.4176002 0.4086178 0.4336309 0.4141471 0.5993048 0.4302578 0.4351368 0.4304216 0.3958593 0.4355514 0.4469918 0.4107978 0.3423500 0.3409595 0.3448995 0.3543713 0.3428272 0.3498844 0.3478758 0.3552624 0.3244858 0.3482200 0.3296316 0.3531634 0.3492307 0.3396697 0.3803319 0.3391096 0.3244940 0.3471692 0.3439248 0.3217921 0.3533339 0.3415732 0.3134065 0.3581370 0.3325111 0.3553405 0.3973947 0.3658611 0.3537217 0.3417752 0.3485801 0.3519031 0.4064869 0.4024991 2.5646228 2.1796708 2.3645754 2.0350890 3.9397836 
CYPVA11375 0.3844877 0.4175682 0.3624758 0.2125484 0.1252369 0.0949769 0.1257743 0.1479214 0.1597679 0.1267622 0.1365455 0.1340474 0.1279756 0.1044930 0.1217324 0.1202547 0.0000000 0.0502306 0.0665598 0.0648812 0.0545420 0.1084497 0.1068272 0.1508405 0.1135483 0.1206295 0.1146632 0.1109647 0.1007104 0.1325131 0.2079907 0.1944632 0.2016198 0.2367131 0.2668647 0.3309325 0.3079490 0.3195373 0.2867208 0.3379101 0.3450101 0.3653393 0.4119986 0.3841871 0.4283954 0.4214536 0.3995911 0.3767515 0.4054615 0.3540395 0.4038385 0.3875929 0.3968627 0.3956863 0.3574412 0.4015821 0.3984678 0.3920534 0.3761946 0.3843336 0.3619151 0.3893763 0.3893763 0.3374630 0.3843336 0.4461288 0.3814514 0.3835631 0.4667938 0.3858184 0.3896314 0.4481029 0.3647349 0.3759647 0.3869733 0.3899376 0.3752436 0.3700709 0.3957785 0.3878562 0.4440757 0.4189296 0.4168655 0.4543435 0.4187471 0.4321452 0.4234265 0.4230114 0.4185437 0.4471055 0.4306595 0.6217066 0.4443544 0.4251664 0.4400495 0.4185358 0.4453540 0.4554215 0.4087539 0.3390293 0.3512247 0.3544634 0.3589867 0.3536481 0.3433977 0.3453619 0.3545564 0.3262653 0.3490581 0.3282159 0.3569885 0.3529931 0.3373360 0.3430124 0.3433201 0.3282886 0.3414973 0.3422942 0.3305189 0.3508112 0.3456844 0.3075172 0.3551303 0.3367612 0.3523265 0.3565732 0.3712627 0.3614806 0.3470365 0.3430279 0.3626855 0.4028306 0.3908151 2.6137388 2.1128110 2.2271182 2.0599642 3.9424878 
GAMAF11908 0.3777714 0.3996361 0.3520536 0.2074955 0.1185393 0.0871577 0.1129387 0.1433773 0.1537268 0.1161761 0.1259469 0.1181664 0.1133165 0.0886880 0.1050847 0.1114361 0.0502306 0.0000000 0.0353820 0.0312994 0.0143204 0.1039744 0.0983855 0.1395292 0.1031935 0.1099514 0.0973721 0.1013523 0.0910211 0.1242382 0.2065939 0.1792728 0.1916244 0.2160652 0.2460095 0.3209973 0.2991695 0.3074618 0.2752381 0.3237578 0.3353361 0.3576135 0.4056644 0.3813773 0.4219061 0.4185187 0.3955118 0.3787078 0.4028131 0.3527207 0.3997640 0.3857978 0.3936364 0.3894236 0.3525504 0.3905926 0.3915779 0.3806174 0.3751471 0.3808422 0.3576803 0.3858603 0.3858603 0.3366459 0.3808422 0.4449973 0.3779740 0.3800790 0.4637612 0.3823317 0.3866907 0.4492274 0.3605016 0.3710376 0.3819623 0.3858677 0.3793257 0.3705758 0.3932786 0.3877042 0.4287838 0.4032109 0.4011676 0.4396946 0.4097094 0.4238490 0.4146051 0.4141973 0.4097842 0.4379723 0.4217385 0.6011426 0.4272524 0.4223592 0.4315841 0.4080257 0.4348349 0.4569415 0.4056911 0.3432245 0.3492608 0.3479140 0.3575120 0.3559516 0.3422864 0.3471776 0.3553057 0.3246481 0.3473332 0.3274327 0.3552359 0.3523228 0.3344355 0.3387418 0.3403825 0.3284849 0.3413591 0.3432751 0.3307251 0.3515608 0.3456485 0.3075910 0.3577924 0.3334269 0.3497257 0.3512659 0.3609220 0.3624181 0.3486438 0.3412945 0.3649770 0.3869343 0.3765325 2.6036094 2.0755448 2.1804078 2.0474060 3.8983269 
POEFO11876 0.3771021 0.3860670 0.3416506 0.1989008 0.1007357 0.0870979 0.1310635 0.1481582 0.1664559 0.1022381 0.1131169 0.0980445 0.0945647 0.0884384 0.0890646 0.0933956 0.0665598 0.0353820 0.0000000 0.0104223 0.0417623 0.1004815 0.1252933 0.1332519 0.0920307 0.0900135 0.0918786 0.0807369 0.0880398 0.1197115 0.1832230 0.1691623 0.1874151 0.2173486 0.2358772 0.3008921 0.2862575 0.2876396 0.2806200 0.3221881 0.3265308 0.3492270 0.3977555 0.3716463 0.4228261 0.4100577 0.3872186 0.3692438 0.3933240 0.3433188 0.3921539 0.3758425 0.3847532 0.3789736 0.3416867 0.3817565 0.3816736 0.3710930 0.3658072 0.3729662 0.3458516 0.3778236 0.3778236 0.3252034 0.3729662 0.4358380 0.3701899 0.3722354 0.4506244 0.3725164 0.3766153 0.4377639 0.3486620 0.3749136 0.3721757 0.3777040 0.3699361 0.3629769 0.3955705 0.3777156 0.4198557 0.3913949 0.3893689 0.4307328 0.4101783 0.4166336 0.4067366 0.4063431 0.4060445 0.4293765 0.4136441 0.5862461 0.4218722 0.4241909 0.4188900 0.3960978 0.4249225 0.4490376 0.3986594 0.3261487 0.3436513 0.3365922 0.3467540 0.3429297 0.3357738 0.3405450 0.3484751 0.3166638 0.3406535 0.3199216 0.3489087 0.3460625 0.3391945 0.3692153 0.3401124 0.3192622 0.3320552 0.3402848 0.3210629 0.3467025 0.3362027 0.2958862 0.3504655 0.3247615 0.3443313 0.3797520 0.3550978 0.3579818 0.3403602 0.3375903 0.3539230 0.3887613 0.3730596 2.6075190 2.1586654 2.3238318 2.0379737 3.8321033 
POERE30417 0.3714270 0.3846694 0.3412438 0.1972038 0.1026047 0.0880579 0.1305852 0.1490938 0.1626415 0.0992265 0.1128959 0.0948353 0.0952087 0.0850509 0.0891414 0.0915867 0.0648812 0.0312994 0.0104223 0.0000000 0.0376112 0.0987353 0.1300996 0.1371488 0.0939844 0.0919665 0.0915816 0.0765258 0.0849303 0.1207991 0.1806476 0.1702831 0.1861214 0.2168401 0.2319602 0.2980145 0.2841428 0.2876877 0.2786294 0.3194082 0.3323479 0.3562278 0.4033468 0.3770200 0.4268998 0.4140475 0.3927083 0.3798917 0.4034932 0.3473306 0.3976859 0.3812345 0.3942355 0.3808327 0.3453954 0.3855686 0.3894774 0.3761631 0.3702743 0.3764369 0.3483264 0.3813273 0.3813273 0.3290945 0.3764369 0.4395043 0.3728130 0.3748678 0.4560715 0.3770733 0.3812575 0.4436471 0.3511432 0.3754293 0.3767223 0.3823915 0.3753380 0.3679197 0.3982646 0.3823102 0.4248539 0.3941424 0.3921099 0.4369771 0.4126412 0.4219003 0.4133609 0.4129619 0.4083593 0.4359170 0.4186122 0.5914692 0.4277870 0.4302655 0.4248062 0.3988772 0.4308824 0.4555162 0.4042720 0.3309767 0.3443286 0.3404727 0.3511406 0.3467194 0.3417387 0.3465537 0.3545540 0.3233193 0.3466497 0.3242328 0.3527026 0.3498406 0.3441449 0.3744628 0.3456052 0.3240885 0.3383352 0.3462811 0.3261247 0.3527637 0.3411923 0.3015801 0.3565754 0.3290772 0.3498386 0.3867124 0.3622201 0.3613195 0.3463433 0.3455120 0.3597402 0.3941534 0.3783098 2.5904323 2.1313975 2.3301784 2.0430307 3.8674986 
XIPMA16239 0.3759818 0.3994547 0.3485006 0.2089229 0.1218041 0.0890810 0.1150451 0.1481303 0.1568440 0.1225150 0.1326984 0.1203497 0.1183630 0.0906098 0.1111661 0.1140080 0.0545420 0.0143204 0.0417623 0.0376112 0.0000000 0.1050060 0.1015147 0.1428490 0.1063900 0.1117250 0.1019212 0.1044844 0.0940917 0.1261989 0.2126977 0.1797673 0.1952549 0.2219072 0.2555600 0.3306498 0.3075029 0.3142755 0.2793694 0.3250406 0.3397110 0.3613447 0.4122421 0.3877180 0.4245079 0.4252189 0.4019775 0.3818499 0.4080094 0.3557258 0.4048511 0.3921643 0.4000941 0.3958431 0.3547593 0.3915171 0.3939075 0.3869327 0.3782357 0.3884517 0.3650856 0.3935319 0.3935319 0.3423289 0.3884517 0.4521993 0.3855475 0.3876712 0.4710501 0.3899338 0.3944351 0.4564487 0.3679152 0.3784984 0.3878741 0.3936477 0.3831277 0.3747375 0.3975458 0.3933301 0.4366815 0.4108558 0.4087986 0.4461914 0.4143660 0.4288932 0.4183743 0.4179626 0.4135175 0.4440911 0.4292014 0.6144620 0.4311429 0.4251532 0.4364466 0.4157494 0.4417400 0.4637160 0.4114845 0.3400014 0.3561248 0.3595951 0.3692635 0.3633138 0.3461487 0.3510683 0.3592429 0.3274816 0.3519792 0.3294373 0.3591800 0.3562492 0.3341071 0.3425664 0.3442239 0.3322768 0.3452737 0.3471270 0.3347029 0.3554738 0.3495654 0.3096242 0.3590235 0.3359511 0.3523220 0.3538786 0.3619637 0.3646941 0.3512485 0.3402174 0.3625602 0.3833556 0.3708846 2.5895726 2.0306819 2.1335649 2.0322276 3.8772028 
SALFA40234 0.3604122 0.4086949 0.3568462 0.1861595 0.0832209 0.0577358 0.1121440 0.1354745 0.1277243 0.0950886 0.1321550 0.1040822 0.0974878 0.0743019 0.1173475 0.1040211 0.1084497 0.1039744 0.1004815 0.0987353 0.1050060 0.0000000 0.0951585 0.1137410 0.0805625 0.0799610 0.0818229 0.0728379 0.0671845 0.0980550 0.1892622 0.1711353 0.1599359 0.1853493 0.2319298 0.2961179 0.2866074 0.2952601 0.2795228 0.3233308 0.3218596 0.3731759 0.4265605 0.3946947 0.4479357 0.4209821 0.4061728 0.3859259 0.4207465 0.3286668 0.4106809 0.4016023 0.4033673 0.3954129 0.3375475 0.4067918 0.4056529 0.3965455 0.3742266 0.3865348 0.3378882 0.3915282 0.3915282 0.3082377 0.3865348 0.4452929 0.3836799 0.3857695 0.4647157 0.3879981 0.3916854 0.4505422 0.3406990 0.3715850 0.3899847 0.3941287 0.3755717 0.3753691 0.3873380 0.3925510 0.4484006 0.3883368 0.3862998 0.4533116 0.3926469 0.4398925 0.4331616 0.4327443 0.4249254 0.4537194 0.4373473 0.5707491 0.4580935 0.4455898 0.4476006 0.3896400 0.4523663 0.4750060 0.4147090 0.3414012 0.3176346 0.3505484 0.3403444 0.3299132 0.3414403 0.3515627 0.3607563 0.3310166 0.3604506 0.3293115 0.3589871 0.3550104 0.3262597 0.4020023 0.3512572 0.3059887 0.3274152 0.3504162 0.3108307 0.3583802 0.3194514 0.2747445 0.3579862 0.3115867 0.3576531 0.3874723 0.3715363 0.3642933 0.3210530 0.3500500 0.3321899 0.4085025 0.3983882 2.6040855 2.2096112 2.3839101 2.0842446 3.8903595 
HAPBU22127 0.3547905 0.4397632 0.3735092 0.2211163 0.1123402 0.0582113 0.1078357 0.1244882 0.1334865 0.1254025 0.1508703 0.1528834 0.1363447 0.0848881 0.1374131 0.1208370 0.1068272 0.0983855 0.1252933 0.1300996 0.1015147 0.0951585 0.0000000 0.0547838 0.0402656 0.0512166 0.0769423 0.0976419 0.0560343 0.0984207 0.2287047 0.1909786 0.1902641 0.1881517 0.2610503 0.3267660 0.3149447 0.3257072 0.2829637 0.3430610 0.3280934 0.3856536 0.4293112 0.4027602 0.4370964 0.4232364 0.4058571 0.3940110 0.4254024 0.3406259 0.4145299 0.4012917 0.4041946 0.3980080 0.3448668 0.4079118 0.4099116 0.4010862 0.3860310 0.3960540 0.3483880 0.4011048 0.4011048 0.3233435 0.3960540 0.4587757 0.3931655 0.3952703 0.4767079 0.3960574 0.3991080 0.4611562 0.3540888 0.3731373 0.3954357 0.3961440 0.3837549 0.3834248 0.4013118 0.3991420 0.4448044 0.3946203 0.3925676 0.4537276 0.4070566 0.4340524 0.4339544 0.4335361 0.4309717 0.4517924 0.4370296 0.6094925 0.4470126 0.4395888 0.4488917 0.3999400 0.4541944 0.4665332 0.4117584 0.3712272 0.3253359 0.3666473 0.3405615 0.3282875 0.3567519 0.3631583 0.3724828 0.3499603 0.3741019 0.3495285 0.3738543 0.3698071 0.3282990 0.3553710 0.3551023 0.3093781 0.3310763 0.3581383 0.3110003 0.3684954 0.3248534 0.2843643 0.3727962 0.3174306 0.3720644 0.3753077 0.3818504 0.3763405 0.3235184 0.3610059 0.3431314 0.4250244 0.4122515 2.5333358 2.0538913 2.1775873 2.0163936 3.8104826 
NEOBR16328 0.3591228 0.3321698 0.4048584 0.2320225 0.1186866 0.1112062 0.1311269 0.1727120 0.1558629 0.1327008 0.1081226 0.1427289 0.1505641 0.1395605 0.1475423 0.1331999 0.1508405 0.1395292 0.1332519 0.1371488 0.1428490 0.1137410 0.0547838 0.0000000 0.0639038 0.0653655 0.0921163 0.1094820 0.1116011 0.1416663 0.2160833 0.1854946 0.1872374 0.2327171 0.2573647 0.3329475 0.3054955 0.3048347 0.2457683 0.3357637 0.3764166 0.3821854 0.4267583 0.3998022 0.4380596 0.4209243 0.4052034 0.3525978 0.4198178 0.3483845 0.4184118 0.4016188 0.4048054 0.3971318 0.4147155 0.4072344 0.4113911 0.4043694 0.3594494 0.3966912 0.3961867 0.4022385 0.4022385 0.3289014 0.3966912 0.3667057 0.3935202 0.3958301 0.3723854 0.3968034 0.4001654 0.3723854 0.4003979 0.3950501 0.3983305 0.3906293 0.3459536 0.4212123 0.4222043 0.4024121 0.4505682 0.4488754 0.4465980 0.3988844 0.4416386 0.4345704 0.4351345 0.4346751 0.4260252 0.4547403 0.4385114 0.4524962 0.4506719 0.3936102 0.4504967 0.4528632 0.4621598 0.4714895 0.4153528 0.3134491 0.3667117 0.3827472 0.3770224 0.3631959 0.3600495 0.3638218 0.3717113 0.2999374 0.3733716 0.3012169 0.3741231 0.3719933 0.3634643 0.3576286 0.3544683 0.3613302 0.3676854 0.3584361 0.3680939 0.3674424 0.3806847 0.2930631 0.3738254 0.3710912 0.3748843 0.3767976 0.3759586 0.3816972 0.3789904 0.3102213 0.3976905 0.4247821 0.4152689 2.8163057 2.2366926 2.3199234 2.0301873 4.4243088 
OREAU02629 0.3710838 0.3903054 0.3428455 0.1914555 0.0784532 0.0664074 0.1088876 0.1360867 0.1324609 0.0872816 0.1076227 0.1081029 0.1028131 0.0903930 0.1028554 0.0842014 0.1135483 0.1031935 0.0920307 0.0939844 0.1063900 0.0805625 0.0402656 0.0639038 0.0000000 0.0157656 0.0464282 0.0650545 0.0601746 0.1028100 0.1808266 0.1518558 0.1608351 0.1876816 0.2281056 0.2821209 0.2753636 0.2798459 0.2506406 0.3104617 0.3334478 0.3499065 0.4044522 0.3760850 0.4163426 0.4013514 0.3905053 0.3728784 0.4088570 0.3491223 0.3967360 0.3837883 0.3865942 0.3799583 0.3533141 0.3916468 0.3919937 0.3833905 0.3659896 0.3766437 0.3560509 0.3815605 0.3815605 0.3317421 0.3766437 0.4367597 0.3738337 0.3759003 0.4553876 0.3786118 0.3813986 0.4412968 0.3617741 0.3766705 0.3779978 0.3787219 0.3677901 0.3682428 0.4075984 0.3816185 0.4288770 0.4032944 0.4012409 0.4357675 0.4003728 0.4195991 0.4181459 0.4177394 0.4074252 0.4356187 0.4211614 0.6128530 0.4323532 0.4295339 0.4246625 0.4080591 0.4352712 0.4471387 0.3965929 0.3283521 0.3252584 0.3270567 0.3410535 0.3288400 0.3270398 0.3331668 0.3421830 0.3141322 0.3398269 0.3136466 0.3394862 0.3355943 0.3312635 0.3573068 0.3250056 0.3194518 0.3438952 0.3334732 0.3215836 0.3409230 0.3355257 0.2961280 0.3412666 0.3277175 0.3451347 0.3777303 0.3508241 0.3481407 0.3389416 0.3311629 0.3516666 0.3962737 0.3806013 2.5357350 2.1080434 2.2538384 2.0320528 3.8703251 
ORENI36670 0.3582969 0.3733001 0.3406918 0.1908879 0.0691492 0.0759074 0.1161453 0.1364272 0.1530281 0.0878363 0.1138715 0.1106376 0.0993521 0.0907327 0.1073001 0.0849127 0.1206295 0.1099514 0.0900135 0.0919665 0.1117250 0.0799610 0.0512166 0.0653655 0.0157656 0.0000000 0.0432848 0.0640881 0.0690218 0.0965192 0.1811135 0.1643915 0.1623657 0.1961949 0.2232664 0.2900104 0.2754347 0.2947133 0.2617650 0.3018661 0.3150547 0.3369496 0.3939038 0.3596447 0.4044447 0.3920136 0.3818407 0.3641831 0.3977218 0.3305998 0.3864759 0.3740162 0.3759450 0.3696920 0.3356595 0.3802351 0.3807127 0.3709203 0.3574727 0.3677059 0.3410547 0.3726115 0.3726115 0.3153426 0.3677059 0.4271950 0.3665901 0.3686667 0.4459322 0.3696859 0.3732234 0.4327648 0.3467926 0.3709782 0.3687409 0.3710438 0.3598972 0.3570042 0.3902724 0.3726854 0.4181274 0.3880953 0.3860395 0.4279129 0.3968587 0.4043158 0.4041100 0.4037128 0.3935229 0.4213169 0.4070837 0.6120169 0.4178970 0.4157004 0.4107063 0.3880961 0.4211496 0.4349118 0.3850580 0.3088200 0.3141524 0.3129985 0.3287616 0.3202631 0.3142343 0.3193695 0.3294334 0.2992059 0.3260074 0.2949303 0.3221098 0.3182370 0.3135482 0.3495873 0.3166061 0.3015199 0.3255950 0.3247018 0.3027565 0.3260709 0.3162424 0.2750472 0.3288720 0.3051647 0.3279354 0.3686458 0.3410253 0.3339343 0.3189459 0.3147110 0.3284734 0.3830619 0.3704254 2.4840764 2.1122805 2.2328249 2.0368426 3.9076997 
AMPCI13446 0.3713452 0.3777554 0.3442273 0.1854876 0.0699627 0.0687490 0.1100478 0.1320445 0.1413227 0.0811853 0.1041578 0.1076877 0.0969549 0.0878043 0.1072571 0.0918055 0.1146632 0.0973721 0.0918786 0.0915816 0.1019212 0.0818229 0.0769423 0.0921163 0.0464282 0.0432848 0.0000000 0.0630343 0.0664437 0.1054708 0.1831407 0.1515148 0.1692793 0.1935351 0.2211772 0.2732942 0.2700410 0.2802160 0.2573920 0.2972431 0.3313153 0.3501997 0.4026981 0.3730757 0.4333605 0.4076271 0.3900383 0.3724906 0.4075602 0.3427187 0.3965829 0.3879273 0.3907378 0.3820007 0.3536045 0.3911485 0.3900027 0.3849666 0.3663962 0.3797454 0.3566385 0.3846416 0.3846416 0.3298683 0.3797454 0.4370711 0.3769464 0.3790018 0.4568769 0.3816999 0.3859550 0.4432202 0.3623604 0.3856997 0.3791574 0.3815470 0.3675235 0.3667538 0.4019670 0.3807143 0.4307902 0.4020672 0.4000186 0.4339976 0.4133268 0.4242603 0.4185035 0.4180995 0.4078496 0.4401403 0.4257229 0.6106660 0.4332946 0.4246900 0.4260387 0.4036668 0.4348226 0.4503227 0.3999564 0.3188423 0.3286093 0.3373557 0.3439724 0.3374308 0.3301340 0.3350667 0.3439967 0.3142339 0.3416642 0.3125910 0.3402378 0.3363856 0.3338983 0.3644818 0.3298906 0.3175916 0.3389095 0.3343506 0.3172351 0.3417032 0.3336105 0.2933281 0.3439406 0.3240951 0.3467211 0.3848699 0.3533114 0.3463814 0.3346575 0.3269795 0.3546532 0.3935115 0.3823746 2.5729183 2.1584294 2.3100804 2.0042818 3.9056858 
AMPOC05179 0.3618895 0.3761113 0.3208273 0.1708088 0.0661063 0.0474313 0.0940815 0.1281438 0.1250230 0.0677874 0.1026011 0.0987968 0.0873078 0.0799592 0.0999024 0.0776127 0.1109647 0.1013523 0.0807369 0.0765258 0.1044844 0.0728379 0.0976419 0.1094820 0.0650545 0.0640881 0.0630343 0.0000000 0.0072868 0.1023125 0.1690551 0.1481018 0.1549662 0.1854662 0.2154949 0.2613494 0.2731094 0.2745929 0.2513000 0.2941394 0.3268693 0.3483771 0.4034662 0.3750427 0.4352592 0.4090230 0.3954564 0.3670041 0.4062582 0.3384492 0.3959976 0.3879405 0.3907333 0.3872274 0.3525378 0.3983266 0.4006432 0.3848885 0.3697010 0.3777466 0.3536899 0.3826213 0.3826213 0.3246953 0.3777466 0.4366740 0.3760545 0.3781045 0.4482879 0.3762509 0.3804005 0.4379179 0.3548669 0.3840395 0.3802487 0.3816318 0.3689085 0.3693140 0.4018133 0.3852461 0.4285431 0.4000265 0.3979949 0.4316943 0.4144076 0.4207587 0.4246490 0.4242426 0.4139762 0.4376131 0.4217286 0.6015880 0.4331541 0.4264882 0.4235706 0.4071209 0.4341810 0.4495463 0.4043064 0.3211720 0.3276001 0.3387594 0.3468139 0.3396749 0.3247351 0.3336174 0.3424989 0.3102088 0.3401784 0.3063014 0.3387591 0.3349280 0.3338005 0.3671608 0.3297366 0.3175718 0.3385260 0.3341747 0.3220624 0.3402193 0.3311644 0.2892060 0.3379061 0.3185951 0.3372349 0.3822301 0.3507981 0.3444014 0.3267711 0.3248971 0.3450982 0.3834508 0.3679328 2.5831002 2.1801553 2.3318901 2.0889550 3.9585220 
